PDelectrodeCounts = ...
    [3 2 8 8 9 7 0 0 0 0 2 2 2 18 17 3 3 2 2 0 1 0 0 0 0 0 0 0 3 2 3 4 5 8 8 8 8;...
    1 1 7 6 6 7 1 1 1 1 14 14 14 19 19 14 13 1 1 1 1 1 13 14 14 14 0 0 0 0 0 12 14 6 6 6 6;...
    1 1 0 0 0 0 2 2 2 2 7 6 6 0 0 9 9 1 1 2 2 0 10 11 11 9 0 0 1 1 1 0 0 15 16 16 16];
    
ETelectrodeCounts = ...
    [1 1 1 1 1 2 1 1 1 0 0 0 2 1 1 1 2 0 0 0 2 3 9 0;...
    2 2 2 2 1 1 1 1 1 1 1 1 0 0 1 0 4 8 2 1 2 0 1 2;...
    1 1 1 1 0 0 0 0 0 2 2 2 1 2 1 2 9 7 3 2 1 2 5 1];